1.2580323259242518
2.070251133151738
2.562751218922561
1.5776868276376048
1.7359529613041746
1.4683899017138027
1.896329686177471
1.2387081981667003
1.415534705768788
1.6000664754033862
1.6532628001462881
1.1820732416758784
1.231494304562696
1.3583104066364688
1.4860697416236046
1.5009722097778493
1.1540102265933112
1.5529927128457162
1.182582478454586
1.2405699422294605
1.2775439143278
1.5934246298768162
1.1369493309577936
1.1588674800678749
1.1485505712394772
1.2321881473943932
1.2355053526691235
1.5271163318496384
2.325232810603524
1.4233203323521695
2.0939409896296652
1.1572954482928706
1.140860765380865
1.3235101093585122
1.2794829499525475
1.207560701886725
1.6057642268403196
1.252767437240498
